9.583817821575006946e-01
9.190248251043005023e-01
9.130362699818144190e-01
9.067715769341053722e-01
9.026523300935442862e-01
9.018159182427601950e-01
8.998723958611107854e-01
9.014491339655673618e-01
8.983866619366650541e-01
9.011984645578772213e-01
9.008560798058481423e-01
8.994368014424267699e-01
9.001034495279806036e-01
8.970111421322075618e-01
8.978193617313589003e-01
8.978231698048905196e-01
8.974156323903552668e-01
8.966173160853635471e-01
8.966630770677233020e-01
8.967921168432368972e-01
8.954882471055388704e-01
8.973425674986481582e-01
8.962192424649249034e-01
8.969957812650991569e-01
8.955089122404941149e-01
8.949097831963552796e-01
8.950635786494174351e-01
8.949855808837124949e-01
8.952863666891109906e-01
8.959585796822677750e-01
8.946953734350999721e-01
8.940688825647151727e-01
8.950902057260378131e-01
8.940318554815219754e-01
8.942726328696620763e-01
8.955322979282150930e-01
8.950763563500293563e-01
8.947053850475482628e-01
8.943842911755062186e-01
8.942819764290017570e-01
8.942379725700613236e-01
8.940793042036735416e-01
8.941197293021169168e-01
8.937347847447149052e-01
8.944313540900624693e-01
8.939727707064508699e-01
8.934776421319388096e-01
8.932156177422588827e-01
8.938703400398336774e-01
8.926849832418817243e-01
8.942741115184226208e-01
8.935539378193761983e-01
8.929401033168126167e-01
8.930785099883598033e-01
8.943424128890664626e-01
8.938087661375555548e-01
8.927312810918368591e-01
8.928531313339084230e-01
8.928612733110734556e-01
8.926089624762840735e-01
8.930460681123293387e-01
8.931462309718423143e-01
8.929488404127136070e-01
8.928661480747354107e-01
8.925221944338065372e-01
8.928735625050759905e-01
8.922679286480904581e-01
8.931038503617232394e-01
8.920844253911996979e-01
8.920932705195436796e-01
8.924752887367485288e-01
8.922531225756008544e-01
8.927169490026799492e-01
8.917917583932180037e-01
8.930146579541516916e-01
8.922643998370249907e-01
8.921886948512682824e-01
8.919463759597058283e-01
8.923661087848099305e-01
8.919509901552375997e-01
8.922650339423873200e-01
8.925728840085401794e-01
8.921635044118655378e-01
8.919440291272733301e-01
8.921008646725645530e-01
8.918891291382471387e-01
8.921283220052212970e-01
8.924669594369925019e-01
8.917073240546212753e-01
8.925424779349243609e-01
8.921524650512679955e-01
8.916187373274405692e-01
8.922316103174086077e-01
8.919618276286747083e-01
8.915857095728774162e-01
8.918661423631086826e-01
8.926552892171852882e-01
8.919785475523153151e-01
8.914629284949145971e-01
8.917371804531003532e-01
